image_width: 320
image_height: 240
camera_name: narrow_stereo
camera_matrix:
  rows: 3
  cols: 3
  data: [295.67791,   0.     , 159.89007,
           0.     , 295.43387, 115.82504,
           0.     ,   0.     ,   1.     ]
distortion_model: plumb_bob
distortion_coefficients:
  rows: 1
  cols: 5
  data: [0.116226, -0.224006, -0.000403, 0.001390, 0.000000]
rectification_matrix:
  rows: 3
  cols: 3
  data: [1., 0., 0.,
         0., 1., 0.,
         0., 0., 1.]
projection_matrix:
  rows: 3
  cols: 4
  data: [299.15231,   0.     , 159.74225,   0.     ,
           0.     , 298.8259 , 115.27778,   0.     ,
           0.     ,   0.     ,   1.     ,   0.     ]
